time plan_Interval
1.1827e-05 1.2545e-05
14.5499 0.914009
24.0998 1.49077
34.9999 2.05014
45.5499 1.87518
54.95 1.89596
63.9499 1.53056
74.6499 1.48867
84.2 1.86207
94.9999 1.97602
104.6 1.993
115.55 1.92802
124.95 1.7287
133.45 1.64342
146.25 1.62591
156.25 1.60358
166.5 1.78216
178.55 1.35398
188.1 1.47035
197.5 1.29519
205.25 1.5228
207.1 1.63958
213.9 6.03937
228.05 1.2738
240.2 1.60715
256.95 1.76477
277.7 10.5271
423.8 1.59532
432.95 1.2255
443.35 1.76982
455.1 1.40754
467.05 1.59176
483.5 1.58269
497.45 1.78339
509.45 2.06969
521.05 1.817
528.8 1.73665
539.7 1.96425
550.85 2.15934
563.5 2.15043
577.65 2.25137
590.05 2.26609
603.6 2.28663
612.75 2.33976
628.25 2.31556
643.05 1.99668
656.85 1.99795
669.95 1.26875
687 1.56254
698.85 1.66102
711.45 1.73929
720.5 1.74489
728.85 1.76882
737.6 1.89552
746.4 2.13078
755 1.82581
765.85 1.77828
774.95 1.85061
786.05 1.90457
796 1.86512
804.45 2.07202
813.6 2.16537
823.7 1.89273
835.55 2.2538
844.85 2.08517
855.35 1.785
865.3 1.86639
874.1 1.89348
885.85 2.07923
894.5 1.72592
902.4 1.59312
912.95 1.88864
925.8 1.67043
936.1 1.8217
945.85 1.94328
955.7 1.93229
964.9 1.83133
974 1.82214
991.35 11.7967
1287.65 6.74697
1338.8 1.79429
1347.75 1.77991
1359.35 1.62625
1373.9 1.7445
1390.4 1.21143
1407.6 1.85569
1424.5 1.76
1438.65 1.92824
1449.9 2.13856
1464.5 2.3291
1474.45 2.20152
1487.4 2.24115
1501.9 2.13565
1520.85 2.06064
1544.95 1.77083
1558.5 2.36098
1568.45 1.68738
1579.4 1.25633
1592.2 1.38841
1604.4 1.68419
1612.4 1.59041
1622.7 1.71362
1633.4 2.11665
1643.35 2.1916
1661.5 10.5903
1797 1.29595
1808.65 2.85371
1818.8 2.16463
1829.7 1.7405
1846.05 3.34141
1858.35 1.59888
1873.9 6.69894
1964.55 9.30394
2027.35 7.43443
2043.25 3.45995
2069 12.2016
2081.25 3.34938
2095.05 3.19953
2121.8 16.903
2302.2 7.39646
2333.45 15.672
2353 4.85578
2363.2 2.39823
2374 1.82214
2388.8 1.79429
2397.75 1.77991
2419.35 1.62625
2433.9 1.7445
2450.4 1.21143
2467.6 1.85569
2484.5 1.76
2498.65 1.92824
2509.9 2.13856
2524.5 2.3291
2534.45 2.20152
2547.4 2.24115
2561.9 2.13565
2580.85 2.06064
2594.95 1.77083
2608.5 2.36098
2628.45 1.68738
2639.4 1.25633
2654.2 1.86207
2694.9999 1.97602
2708.6 1.993
