dist localplan_Interval
0.0379827 1.64986
0.1151 1.64996
1.20659 1.54993
2.73085 1.55014
3.86375 0.700041
4.49572 0.600003
5.16018 0.500096
5.21703 0.450115
5.25902 0.600074
5.29913 0.750029
5.32888 0.650026
5.36516 0.6
5.39179 0.749986
5.99299 0.650025
6.14675 0.749991
7.05193 0.349891
7.46694 0.650059
8.42434 0.850016
9.43353 1.10026
10.5088 1.14997
11.5082 1.19999
12.4786 3.15
13.6025 0.0999747
13.8175 0.149871
14.8066 0.200003
15.3578 0.299885
16.3112 0.349944
17.3561 0.249943
18.4214 0.0999973
19.7452 0.149769
20.6772 0.200057
21.7074 0.200085
21.9394 0.350054
23.0364 0.350011
24.0161 0.350082
24.2251 0.499931
25.1867 0.499913
26.2185 0.449983
27.2239 0.549978
28.2134 0.549988
29.3392 0.3501
30.4455 0.550116
31.5108 0.549965
32.5341 0.300092
33.469 0.349991
34.6192 0.349932
35.6398 0.349762
36.4448 0.250074
37.3019 1.00012
38.5641 0.750156
39.4184 0.850102
40.4828 0.850001
41.6288 0.999764
42.446 0.800089
43.2945 0.650038
43.5975 0.35006
44.483 0.450011
45.7147 0.350078
46.5804 0.349832
47.5095 0.350049
48.7091 0.350022
49.9659 0.350015
51.312 0.400061
52.3702 0.449955
53.3482 0.350066
54.526 0.249989
55.5062 0.350033
56.7458 0.399998
57.7477 0.500002
58.7139 0.599981
58.9622 0.549803
59.9192 0.600235
60.9095 0.450005
61.115 0.299996
61.1571 0.249957
61.1823 0.350091
61.2039 0.349963
61.2261 0.450163
61.2498 0.450101
61.2718 0.54999
61.2913 0.350037
61.3131 0.3502
61.3323 0.449941
61.356 0.450008
62.6646 0.400071
63.6755 0.400043
64.6449 0.450014
65.6121 0.4501
66.5586 0.499781
67.4575 0.599998
68.3031 0.350101
69.1508 0.450061
69.96 0.449935
70.7243 0.350039
71.4602 0.449992
72.1734 0.599916
73.0676 0.700059
73.8255 0.799955
74.513 0.949905
75.1801 0.899991
75.8707 1.05009
76.5583 0.900099
77.2517 1.04997
78.0067 3.99986
78.709 1.55007
79.5692 4.70009
80.4839 0.200007
80.8828 0.250031
81.8019 0.350006
82.6665 0.449768
83.6695 0.449912
84.9605 0.349956
85.9444 0.449932
86.3348 0.450013
87.5134 0.600085
88.5244 0.399993
88.9699 0.349988
89.9858 0.44988
90.9266 0.550041
91.3335 0.650174
92.2794 0.69989
93.2591 0.499973
94.2637 1.44993
95.2896 3.0502
96.1814 0.449913
97.1373 0.550053
98.087 0.599964
99.3636 0.550013
100.368 0.699988
100.97 0.750004
101.87 0.799996
102.765 0.549803
103.774 0.75004
104.571 0.750056
105.435 0.900035
106.305 1.09994
107.163 1.30011
107.749 5.2501
107.809 0.149909
108.793 0.250035
109.566 0.349842
110.712 0.500089
111.664 1.70002
112.305 0.3501
113.228 0.350161
114.215 0.499885
115.271 0.250087
116.324 0.250048
117.361 0.349983
118.509 0.500091
119.339 0.599943
119.631 2.65013
120.584 0.900223
121.627 0.949964
122.785 1.05016
123.787 1.14996
124.833 8.44992
125.875 6.1709e-05
126.539 5.5281e-05
127.213 5.4314e-05
127.693 0.0501482
128.652 0.0500291
129.828 0.150123
130.881 0.250065
131.957 0.349906
133.212 0.449984
134.291 0.599782
135.408 0.550049
136.189 1.44993
137.077 0.850183
137.312 0.649981
138.305 0.799829
139.579 0.699997
139.957 0.349888
139.983 0.349994
140.003 0.69997
140.031 0.799888
140.057 0.600038
140.078 0.750015
140.111 0.750091
140.138 0.749994
140.319 0.84998
141.383 1.04994
142.1 1.2
142.848 1.19985
143.714 0.550012
144.102 1.14988
144.897 1.14994
145.933 1.5
147.2 1.39987
148.247 7.09981
149.279 0.700173
149.889 0.599982
150.813 0.949978
151.761 0.899912
153.027 0.950002
153.977 0.999949
154.492 0.849934
155.114 1.05019
155.485 1.05001
156.402 0.949844
157.299 1.14978
158.213 1.05005
159.11 1.35002
160.473 13
162.694 0.0499465
163.662 3.1115e-05
163.997 0.0499486
165.262 3.1721e-05
166.358 0.0499078
167.686 5.3246e-05
168.527 0.0499952
169.895 5.2072e-05
170.38 0.0500399
171.526 5.2735e-05
172.716 2.9548e-05
173.091 0.0499734
173.985 0.0498608
174.965 6.0729e-05
175.931 0.0498586
176.867 5.7099e-05
177.757 7.0899e-05
178.649 0.150082
179.501 0.249997
180.412 0.450014
181.018 0.500023
181.391 0.699958
182.243 3.35009
183.025 0.650098
183.884 0.649945
185.102 2.59994
186.494 0.0501337
186.996 0.0500188
187.766 2.7193e-05
188.498 0.0500514
189.573 0.15001
190.621 0.249966
191.531 0.350001
192.61 0.499958
193.55 0.599933
194.529 0.69998
194.919 0.800096
195.896 0.950009
196.963 0.99997
197.983 1.15011
198.961 1.14994
199.86 1.34999
200.919 1.70009
201.877 0.149976
202.802 0.150058
203.602 0.250004
204.24 0.349853
205.161 0.450007
206.478 0.599987
207.331 0.699991
208.469 0.699912
209.607 0.8
213.14 1.05005
214.945 1.15003
215.523 3.35011
217.94 0.0499169
220.085 7.04996
222.191 0.0501347
222.709 0.0499848
223.45 0.149985
223.964 0.250055
224.538 0.300151
225.636 0.450031
226.485 0.549978
227.355 1.1001
228.223 0.699986
229.012 0.699879
229.998 0.750027
230.942 0.949821
231.061 1.69992
231.157 1.00004
231.265 1.25007
232.353 1.0999
233.021 1.15011
233.42 1.25004
234.471 1.34997
236.071 5.70029
237.434 0.24984
238.207 0.349896
238.472 0.449951
239.366 2.95007
240.657 3.6451e-05
241.484 5.5174e-05
242.63 5.3732e-05
243.924 6.1936e-05
244.945 5.7389e-05
247.71 6.9
248.402 0.500082
249.386 1.0999
250.432 0.099975
251.754 0.249935
252.937 0.350077
254.153 0.450186
255.097 5.65004
255.235 3.7193e-05
256.177 5.4934e-05
257.206 0.0499545
258.18 0.0499649
259.384 0.0999844
260.322 0.250015
261.342 0.399983
262.442 0.450026
263.353 0.49999
264.421 0.550036
265.397 0.700112
266.412 1.05002
267.302 0.900046
268.143 0.899827
269.148 1.00003
270.258 0.800131
271.226 0.899796
272.372 1.34996
273.437 1.4501
274.088 1.99998
274.697 0.450245
275.714 0.449918
276.893 0.60007
277.216 0.699945
278.251 0.650185
278.646 0.550113
279.664 0.650067
280.719 0.700002
281.674 0.750026
282.553 0.899982
283.439 0.950036
284.332 0.999997
285.272 3.39994
286.287 0.0498434
286.353 5.7996e-05
287.371 0.0498889
288.498 5.4159e-05
289.632 0.0998042
290.887 0.249841
292.062 6.04998
292.966 0.00015336
293.972 0.05004
294.951 6.2521e-05
295.938 0.0498494
297.269 0.100035
298.266 0.24999
299.095 0.249954
299.491 0.299987
300.421 0.499975
301.338 0.450088
302.257 0.500089
303.187 0.55002
304.123 0.500107
305.295 0.450118
306.551 0.449871
307.725 0.450021
308.868 0.450009
310.024 2.24993
310.937 6.5201e-05
311.656 0.149791
312.666 0.300074
313.191 0.349996
313.732 0.350175
314.776 11.6
315.876 0.200092
316.938 0.350164
318.009 0.500083
319.022 0.699859
320.326 0.600109
321.331 0.699995
322.338 0.899979
323.414 0.849924
324.365 0.949852
325.129 1.04993
326.033 1.10013
326.944 3.54996
327.887 0.0500722
328.582 0.0498305
329.318 0.000111011
330.016 0.149991
331.077 0.200004
332.444 0.299987
333.593 0.150174
334.833 1.05002
335.562 0.450088
336.303 0.450012
337.343 0.45002
338.378 0.549898
339.443 0.699894
340.446 0.799913
341.451 0.900129
342.466 0.949983
343.548 16.5001
344.446 5.246e-05
345.353 3.451e-05
345.921 0.0499697
347.276 6.1966e-05
348.475 5.4065e-05
348.735 5.3428e-05
349.707 6.4028e-05
350.73 4.8215e-05
351.767 0.000158846
352.877 0.000171589
354.009 0.0499872
354.995 1.7066e-05
355.933 6.2964e-05
357.337 5.2789e-05
358.584 0.0499768
359.99 0.0499414
361.253 0.0498499
361.774 5.2814e-05
362.62 0.0500189
363.602 6.3436e-05
364.177 0.0500881
364.986 0.0499187
365.837 5.4318e-05
366.616 5.5531e-05
367.342 6.3337e-05
368.068 0.150013
368.84 1.40001
369.543 0.199905
370.229 0.349922
370.928 0.350079
371.606 0.349922
372.253 0.249967
372.992 0.300195
373.682 0.250133
374.37 0.350032
375.06 0.49995
375.742 0.499837
376.466 5.00003
377.368 0.249992
378.678 5.45001
379.084 0.350011
379.906 0.450012
380.598 5.70004
381.377 0.350076
381.903 0.349967
382.607 0.350083
383.882 0.349989
384.829 0.349979
385.893 0.149942
387.038 0.0999746
387.883 0.250031
388.107 0.15006
389.295 0.249982
390.107 0.35012
390.687 0.350016
391.125 0.350005
391.626 0.350093
391.648 0.349998
391.681 0.449994
391.708 0.249989
391.734 0.350037
391.763 0.550064
391.787 0.449994
391.824 0.399989
391.855 0.449979
391.879 0.449991
391.908 0.499929
393.278 0.599944
394.223 0.449976
395.309 0.599924
396.332 0.599996
397.401 0.449935
398.489 0.549902
399.543 0.599956
400.647 0.449982
401.665 0.599948
403.077 0.449983
404.055 0.349864
405.137 0.349969
406.154 0.499922
407.104 0.35006
408.441 0.250064
409.488 0.349926
410.554 0.499697
411.843 0.24993
412.833 0.100011
413.951 0.250001
415.154 0.400058
417.367 0.349899
418.27 0.4503
419.367 0.350175
419.83 0.349988
420.901 0.20011
421.498 0.199792
422.578 0.250052
423.744 0.249985
423.811 0.250008
424.732 0.349867
426.026 0.349996
426.863 0.59999
427.104 0.500041
428.255 0.499905
429.334 0.550014
430.252 0.700032
431.319 0.349965
432.032 0.45004
433.147 0.449933
433.464 0.450223
434.51 0.499975
435.651 0.300049
436.987 0.449932
438.656 0.449992
440.329 0.549995
441.447 0.800016
442.696 0.800069
443.778 0.899965
444.639 1.10007
445.621 1.25014
446.109 0.899942
447.092 0.799998
448.62 0.700157
449.683 0.600116
449.77 0.599937
449.842 0.700022
450.217 0.550052
451.287 0.749918
454.615 0.549882
455.54 0.549973
456.728 0.600023
457.864 0.44997
457.981 0.450055
458.536 0.599991
460.02 0.499965
462.202 0.450197
466.545 2.59991
469.437 5.538e-05
470.66 0.150005
472.109 0.149662
473.26 0.250125
474.193 0.250118
474.638 0.349941
474.725 0.450076
474.771 1.15006
474.846 1.10019
475.228 0.950024
479.588 2.79998
481.426 5.75013
481.491 0.550042
482.732 0.499972
484.327 0.449778
485.82 0.499765
486.993 0.350092
487.819 0.200022
489.389 0.350108
490.452 0.349957
491.746 0.450085
492.827 0.44991
494.178 0.450004
495.39 0.549987
496.056 0.349818
496.759 0.450043
497.84 0.349851
498.998 0.250017
500.518 0.349817
501.606 0.450052
502.542 0.350103
503.115 0.449993
504.146 0.350014
505.359 0.349992
506.764 0.349935
507.884 0.249958
508.937 0.349986
510.066 0.349999
510.939 0.249978
511.859 0.2499
512.956 0.350019
513.749 0.350029
514.795 0.450037
515.846 0.450085
516.851 0.500021
517.031 0.450047
518.36 0.450157
519.297 0.350149
520.339 0.500065
521.337 0.599946
522.462 0.350104
523.589 0.449914
524.689 0.349987
525.596 0.450146
526.467 0.449819
527.533 0.450279
528.285 1.20012
529.041 0.999797
529.964 0.800141
530.91 0.450097
532.005 0.350063
532.932 0.449994
534.048 0.449992
535.103 0.350136
535.626 0.450109
536.789 0.350165
537.986 0.449956
539.302 0.350122
540.328 0.449965
541.385 0.199965
541.835 0.200062
542.379 0.349973
543.337 0.350098
544.343 0.449993
545.422 0.549951
546.618 0.499829
547.429 0.499796
548.294 0.500018
549.188 0.54978
549.976 0.449911
551.096 0.80007
551.812 0.450172
552.847 0.349851
554.089 0.500024
554.853 0.549866
556.001 2.24992
556.995 0.449993
557.613 0.449811
558.233 0.900101
558.987 0.49982
559.779 4.00002
561.041 0.749994
562.505 0.650243
563.884 0.549939
565.364 0.700172
566.705 1.45
567.675 0.700084
568.312 0.650023
569.158 0.800083
570.374 3.65003
571.311 0.550004
572.31 0.349961
573.602 0.450019
574.612 0.500125
576.104 1.05011
576.822 0.400023
577.389 0.849943
578.149 0.300038
578.719 0.500009
579.867 0.499999
581.351 2.09995
582.275 0.550058
582.745 2.69995
583.6 0.349965
584.764 0.349916
585.666 0.34995
586.506 0.499976
587.761 0.249975
588.568 0.399943
589.328 0.350014
590.105 0.450075
590.79 0.450105
591.758 0.450065
592.537 0.500094
593.349 0.500004
594.142 0.600047
594.905 0.699954
595.613 0.750122
596.166 0.350003
596.828 0.299952
597.275 0.44989
598.051 0.249928
598.81 0.350047
599.574 0.350034
600.325 0.149988
601.073 0.249952
601.095 0.149964
602.268 0.200099
603.08 0.449946
604 0.599984
604.887 0.69998
605.742 0.600039
606.602 0.450132
607.465 0.599895
608.354 0.59999
609.58 4.3499
610.947 5.1698e-05
611.895 5.6772e-05
612.911 5.085e-05
614.387 6.2183e-05
615.739 0.0499133
616.704 3.1057e-05
618 5.2341e-05
619.528 0.150024
619.629 3.622e-05
620.879 0.0499753
622 0.200178
622.524 0.0498973
623.684 1.703e-05
624.182 0.800021
625.313 0.249921
625.545 4.9004e-05
626.877 0.0500233
628.373 5.1065e-05
629.597 4.982e-05
630.859 0.700092
631.586 5.3466e-05
632.929 4.8769e-05
634.208 5.6105e-05
635.395 0.15017
636.561 0.249783
637.657 0.29994
638.831 0.450027
639.943 0.55001
641.045 0.649909
642.22 0.500035
643.664 0.549938
644.742 0.699989
646.112 0.799991
647.168 0.900111
648.213 1.35
649.406 7.35007
650.458 5.5936e-05
651.578 0.0499955
652.685 5.1429e-05
653.03 5.1797e-05
654.067 5.0626e-05
655.129 3.3379e-05
656.165 0.050212
656.265 13.9002
656.291 6.1174e-05
656.322 1.74993
656.398 9.10021
657.52 5.1267e-05
657.755 5.5125e-05
658.854 6.1811e-05
660.154 0.000108862
661.286 5.6439e-05
662.627 2.9225e-05
662.734 0.0499674
662.784 3.4752e-05
662.784 1.60005
662.784 6.0663e-05
662.784 0.650165
662.784 6.1278e-05
