time plan_Interval
1.64986 1.64986
6.29991 1.64996
10.9998 1.54993
15.7 1.55014
20.3999 0.700041
25.0499 0.600004
29.75 0.500097
34.35 0.450115
39.0999 0.600074
43.7998 0.750029
48.5998 0.650026
53.2998 0.6
58.0498 0.749987
62.7998 0.650025
67.4998 0.749991
72.1499 0.349891
76.7998 0.650059
81.5498 0.850016
86.2 1.10026
91.0998 1.14997
95.7499 1.19999
102.25 3.15
106.95 0.0999751
111.7 0.149871
116.35 0.200003
121.1 0.299885
125.7 0.349944
130.3 0.249943
134.9 0.0999977
139.65 0.149769
144.25 0.200057
148.85 0.200085
153.5 0.350054
158.15 0.350011
162.85 0.350083
167.5 0.499931
172.15 0.499914
176.75 0.449983
181.4 0.549978
186 0.549988
190.65 0.3501
195.3 0.550116
199.95 0.549966
204.55 0.300092
209.25 0.349991
213.95 0.349932
218.6 0.349762
223.25 0.250074
227.9 1.00012
232.65 0.750156
237.35 0.850102
241.95 0.850001
246.65 0.999764
251.35 0.800089
255.95 0.650039
260.6 0.35006
265.2 0.450011
269.9 0.350078
274.55 0.349832
279.15 0.35005
283.9 0.350022
288.8 0.350015
293.45 0.400061
298.05 0.449955
302.7 0.350066
307.35 0.249989
312 0.350033
316.65 0.399998
321.4 0.500002
326.05 0.599982
330.65 0.549803
335.35 0.600236
340.05 0.450005
344.65 0.299996
349.3 0.249957
354 0.350091
358.7 0.349963
363.3 0.450163
368 0.450101
372.65 0.54999
377.3 0.350037
382.05 0.3502
386.75 0.449942
391.45 0.450008
396.15 0.400072
400.85 0.400043
405.5 0.450015
410.1 0.450101
414.85 0.499781
419.55 0.599998
424.15 0.350101
428.85 0.450061
433.45 0.449936
438.1 0.350039
442.7 0.449993
447.4 0.599916
452.05 0.700059
456.75 0.799955
461.45 0.949905
466.1 0.899991
470.8 1.05009
475.45 0.900099
480.15 1.04997
487.3 3.99986
491.95 1.55007
499.65 4.70009
504.35 0.200007
509.1 0.250032
513.8 0.350007
518.55 0.449768
523.25 0.449912
527.95 0.349956
532.65 0.449932
537.4 0.450014
542.25 0.600085
546.95 0.399993
551.6 0.349988
556.25 0.44988
560.9 0.550041
565.5 0.650174
570.15 0.699891
574.75 0.499973
580.45 1.44993
587.9 3.0502
592.55 0.449914
597.2 0.550053
601.9 0.599964
606.6 0.550013
611.35 0.699988
616 0.750005
620.75 0.799996
625.45 0.549803
630.3 0.75004
634.95 0.750056
639.65 0.900035
644.3 1.09994
649.1 1.30011
657.55 5.2501
662.15 0.149909
666.75 0.250036
671.45 0.349842
676.15 0.500089
681.9 1.70002
686.55 0.3501
691.15 0.350161
695.85 0.499885
700.5 0.250088
705.15 0.250048
709.85 0.349983
714.55 0.500091
719.25 0.599943
726 2.65013
730.7 0.900224
735.45 0.949964
740.15 1.05016
745 1.14996
756.9 8.44992
762.15 6.2001e-05
767.2 5.5351e-05
772.1 5.4602e-05
776.9 0.0501485
781.6 0.0500294
786.3 0.150124
791 0.250065
795.7 0.349906
800.35 0.449984
805.2 0.599782
809.9 0.550049
815.35 1.44994
820.1 0.850184
824.75 0.649982
829.45 0.799829
834.2 0.699997
838.85 0.349888
843.5 0.349994
848.35 0.69997
853.05 0.799888
857.75 0.600038
862.55 0.750016
867.4 0.750091
872.25 0.749994
877 0.84998
881.75 1.04994
886.7 1.2
891.45 1.19985
896.25 0.550012
901 1.14988
905.75 1.14994
910.55 1.5
915.4 1.39987
925.75 7.09981
930.5 0.700173
935.3 0.599982
940.05 0.949978
944.75 0.899912
949.55 0.950002
954.25 0.999949
958.9 0.849935
963.75 1.05019
968.4 1.05001
973.05 0.949844
977.75 1.14978
982.4 1.05005
987.4 1.35002
1004.35 13
1010.9 0.0499466
1017.3 3.1263e-05
1023.6 0.0499489
1029.6 3.1781e-05
1035.65 0.049908
1041.6 5.3501e-05
1047.45 0.0499953
1053.1 5.2329e-05
1058.75 0.0500399
1064.25 5.2993e-05
1069.55 2.9698e-05
1074.85 0.0499737
1080 0.0498611
1085 6.1019e-05
1089.95 0.0498587
1094.7 5.735e-05
1099.35 7.1185e-05
1104 0.150082
1108.7 0.249997
1113.4 0.450014
1118.15 0.500023
1122.85 0.699958
1130.1 3.35009
1134.85 0.650098
1139.6 0.649946
1146.15 2.59994
1151.65 0.0501339
1156.55 0.0500189
1161.4 2.7275e-05
1166.35 0.0500517
1171 0.15001
1176.15 0.249966
1181.3 0.350001
1186 0.499958
1190.65 0.599933
1195.35 0.69998
1200.05 0.800096
1204.8 0.950009
1209.6 0.99997
1214.35 1.15012
1219.25 1.14994
1224.05 1.34999
1229.1 1.70009
1233.85 0.149976
1238.65 0.150058
1243.35 0.250004
1248.1 0.349853
1252.8 0.450007
1257.7 0.599987
1262.4 0.699991
1267.15 0.699912
1271.85 0.8
1276.7 1.05006
1281.45 1.15003
1288.25 3.35011
1293.5 0.049917
1305.7 7.04996
1310.6 0.050135
1315.35 0.0499851
1320.1 0.149985
1324.85 0.250055
1329.5 0.300151
1334.3 0.450031
1339 0.549978
1344.15 1.1001
1348.85 0.699987
1353.55 0.69988
1358.2 0.750027
1362.95 0.949821
1368.4 1.69992
1373.1 1.00004
1377.95 1.25007
1382.7 1.0999
1387.45 1.15011
1392.15 1.25005
1396.85 1.34997
1405.6 5.70029
1410.3 0.24984
1415 0.349896
1419.8 0.449951
1426.9 2.95007
1432.65 3.6596e-05
1438 5.5476e-05
1443.2 5.4004e-05
1448.3 6.2186e-05
1453.25 5.7645e-05
1465.05 6.9
1469.75 0.500082
1475 1.0999
1479.75 0.0999753
1484.5 0.249935
1489.2 0.350077
1494.1 0.450186
1503.9 5.65004
1509.1 3.7366e-05
1514.1 5.5224e-05
1519 0.0499548
1523.75 0.0499651
1528.65 0.0999845
1533.4 0.250015
1538.2 0.399983
1542.9 0.450026
1547.65 0.49999
1552.35 0.550036
1557.15 0.700112
1562.1 1.05002
1566.8 0.900046
1571.5 0.899827
1576.2 1.00003
1580.95 0.800132
1585.65 0.899797
1590.35 1.34996
1595.15 1.45011
1600.4 1.99998
1605.1 0.450245
1609.8 0.449918
1614.85 0.60007
1619.6 0.699946
1624.4 0.650185
1629.1 0.550114
1633.75 0.650068
1638.45 0.700002
1643.2 0.750027
1647.85 0.899982
1652.55 0.950036
1657.25 0.999997
1663.9 3.39994
1669 0.0498437
1673.95 5.8254e-05
1678.8 0.0498892
1683.55 5.4441e-05
1688.3 0.0998045
1693.1 0.249841
1703.5 6.04998
1708.6 0.00015365
1713.6 0.0500402
1718.5 6.281e-05
1723.25 0.0498497
1728.2 0.100036
1732.9 0.24999
1738.15 0.249954
1742.8 0.299988
1747.7 0.499975
1752.35 0.450089
1757.05 0.500089
1761.7 0.550021
1766.45 0.500107
1771.1 0.450118
1775.8 0.449871
1780.7 0.450022
1785.7 0.450009
1791.15 2.24993
1795.85 6.5488e-05
1800.5 0.149791
1805.25 0.300074
1809.9 0.349996
1814.5 0.350175
1830.35 11.6
1835.05 0.200092
1839.8 0.350164
1844.55 0.500083
1849.3 0.69986
1854.05 0.60011
1858.75 0.699995
1863.55 0.899979
1868.25 0.849924
1872.95 0.949852
1877.65 1.04993
1882.4 1.10013
1889.2 3.54996
1894.15 0.0500725
1898.95 0.0498308
1903.65 0.000111266
1908.4 0.149991
1913.05 0.200004
1918.4 0.299987
1923.1 0.150175
1928.4 1.05002
1933.15 0.450088
1937.85 0.450012
1942.6 0.45002
1947.4 0.549898
1952.15 0.699895
1956.85 0.799913
1961.55 0.900129
1966.4 0.949983
1986.25 16.5001
1993.75 5.272e-05
2001.3 3.4676e-05
2008.55 0.0499699
2015.65 6.2254e-05
2022.7 5.4325e-05
2029.55 5.3716e-05
2036.35 6.4354e-05
2042.95 4.847e-05
2049.5 0.00015912
2055.95 0.00017188
2062.3 0.0499874
2068.5 1.7146e-05
2074.6 6.3254e-05
2080.65 5.3048e-05
2086.55 0.0499771
2092.35 0.0499417
2098.35 0.0498501
2103.9 5.3107e-05
2109.35 0.0500194
2114.65 6.3728e-05
2119.8 0.0500884
2124.8 0.0499189
2129.75 5.4608e-05
2134.55 5.5819e-05
2139.3 6.3716e-05
2144.05 0.150014
2150 1.40001
2154.7 0.199905
2159.4 0.349922
2164.05 0.350079
2168.8 0.349922
2173.55 0.249967
2178.2 0.300195
2183.05 0.250133
2187.75 0.350033
2192.55 0.49995
2197.25 0.499837
2205.5 5.00003
2210.25 0.249993
2219.05 5.45001
2223.8 0.350011
2228.55 0.450013
2238.45 5.70004
2243.2 0.350077
2248 0.349967
2253.15 0.350083
2257.95 0.349989
2262.65 0.349979
2267.5 0.149942
2272.2 0.0999749
2276.95 0.250031
2281.7 0.15006
2286.5 0.249982
2291.2 0.35012
2295.9 0.350016
2300.6 0.350006
2305.3 0.350093
2310 0.349998
2314.8 0.449994
2319.5 0.249989
2324.15 0.350037
2329 0.550065
2333.7 0.449994
2338.6 0.399989
2343.25 0.449979
2347.95 0.449991
2352.65 0.499929
2358.05 0.599945
2362.7 0.449977
2367.55 0.599924
2372.25 0.599997
2376.95 0.449935
2381.65 0.549902
2386.55 0.599956
2391.3 0.449982
2396.05 0.599948
2400.75 0.449984
2405.5 0.349864
2410.25 0.34997
2415.05 0.499923
2419.75 0.35006
2424.55 0.250064
2429.25 0.349926
2433.95 0.499698
2438.9 0.24993
2443.6 0.100012
2448.5 0.250001
2453.25 0.400058
2457.95 0.349899
2462.65 0.4503
2467.5 0.350175
2472.25 0.349988
2476.95 0.20011
2481.7 0.199792
2486.55 0.250052
2491.25 0.249985
2496 0.250008
2500.7 0.349867
2505.65 0.349996
2510.55 0.59999
2515.25 0.500041
2519.95 0.499905
2524.65 0.550014
2529.6 0.700032
2534.35 0.349966
2539.05 0.45004
2543.85 0.449933
2548.5 0.450224
2553.25 0.499975
2557.9 0.300049
2562.65 0.449933
2567.6 0.449992
2572.3 0.549995
2577.15 0.800016
2581.85 0.800069
2586.8 0.899965
2591.65 1.10007
2596.6 1.25014
2601.25 0.899943
2606 0.799999
2610.7 0.700157
2615.55 0.600116
2620.3 0.599937
2625.05 0.700022
2629.7 0.550053
2634.65 0.749918
2639.6 0.549883
2644.3 0.549973
2649.05 0.600023
2653.75 0.44997
2658.6 0.450056
2663.3 0.599991
2668.1 0.499965
2672.8 0.450198
2679.4 2.59991
2684.55 5.567e-05
2689.3 0.150005
2694 0.149663
2698.8 0.250125
2703.5 0.250118
2708.2 0.349941
2712.9 0.450076
2717.8 1.15006
2722.8 1.10019
2727.8 0.950025
2734.6 2.79998
2744.15 5.75013
2748.95 0.550042
2753.85 0.499972
2758.85 0.449778
2763.95 0.499766
2768.7 0.350093
2773.4 0.200022
2778.35 0.350108
2783 0.349957
2787.65 0.450085
2792.4 0.44991
2797.05 0.450004
2801.75 0.549988
2806.45 0.349818
2811.3 0.450044
2816 0.349852
2820.7 0.250017
2825.35 0.349817
2830 0.450053
2834.65 0.350104
2839.35 0.449994
2843.95 0.350014
2848.55 0.349993
2853.35 0.349936
2857.95 0.249959
2862.65 0.349986
2867.4 0.35
2872.05 0.249978
2876.65 0.2499
2881.3 0.350019
2885.9 0.35003
2890.5 0.450037
2895.3 0.450085
2900 0.500022
2904.6 0.450047
2909.35 0.450157
2914 0.350149
2918.65 0.500066
2923.35 0.599946
2928 0.350104
2932.7 0.449914
2937.4 0.349987
2942.05 0.450147
2946.65 0.449819
2951.4 0.450279
2956.35 1.20012
2961.4 0.999797
2966.1 0.800141
2970.75 0.450097
2975.65 0.350063
2980.35 0.449994
2985.05 0.449992
2989.75 0.350136
2994.65 0.45011
2999.3 0.350165
3003.95 0.449957
3008.65 0.350122
3013.25 0.449965
3017.9 0.199965
3022.6 0.200063
3027.25 0.349974
3031.9 0.350099
3036.65 0.449993
3041.3 0.549951
3046 0.499829
3050.7 0.499797
3055.4 0.500018
3060.05 0.54978
3064.65 0.449911
3069.55 0.800071
3074.2 0.450172
3078.85 0.349852
3083.5 0.500024
3088.15 0.549866
3094.3 2.24992
3098.95 0.449993
3103.6 0.449812
3108.55 0.900101
3113.25 0.499821
3121.6 4.00003
3126.25 0.749994
3130.9 0.650243
3135.6 0.549939
3140.3 0.700172
3145.65 1.45
3150.35 0.700084
3155 0.650024
3160 0.800083
3167.85 3.65003
3172.55 0.550004
3177.25 0.349961
3182.2 0.45002
3187.25 0.500125
3192.7 1.05011
3197.35 0.400023
3202.6 0.849943
3207.2 0.300038
3212.25 0.500009
3217.25 0.499999
3223.75 2.09995
3228.4 0.550059
3235.1 2.69995
3239.85 0.349965
3244.55 0.349917
3249.5 0.34995
3254.75 0.499976
3259.5 0.249975
3264.5 0.399943
3269.45 0.350014
3274.05 0.450075
3278.7 0.450105
3283.55 0.450065
3288.3 0.500095
3293 0.500005
3297.7 0.600047
3302.7 0.699955
3307.65 0.750122
3312.7 0.350003
3317.65 0.299953
3322.65 0.44989
3327.7 0.249928
3332.7 0.350047
3337.7 0.350034
3342.7 0.149988
3347.8 0.249952
3352.8 0.149964
3357.7 0.2001
3362.7 0.449946
3367.75 0.599984
3372.7 0.69998
3377.7 0.600039
3382.7 0.450133
3387.75 0.599896
3392.75 0.599991
3401.5 4.3499
3408.3 5.195e-05
3414.85 5.7095e-05
3421.25 5.1104e-05
3427.55 6.2471e-05
3433.8 0.0499135
3439.8 3.1207e-05
3445.7 5.2598e-05
3451.7 0.150024
3457.55 3.6388e-05
3463.35 0.0499755
3469.1 0.200178
3474.75 0.0498975
3480.25 1.7097e-05
3486.45 0.800021
3492.1 0.249921
3497.45 4.9256e-05
3502.7 0.0500236
3507.8 5.1321e-05
3512.85 5.0074e-05
3518.5 0.700092
3523.45 5.3719e-05
3528.25 4.8916e-05
3532.95 5.6392e-05
3537.95 0.150171
3542.95 0.249783
3547.85 0.29994
3553 0.450027
3557.9 0.55001
3562.85 0.649909
3567.95 0.500036
3572.9 0.549938
3577.95 0.69999
3582.95 0.799991
3587.9 0.900111
3592.95 1.35
3603.8 7.35007
3609.7 5.6222e-05
3615.6 0.0499957
3621.35 5.1688e-05
3626.95 5.2089e-05
3632.4 5.0881e-05
3637.7 3.3546e-05
3642.95 0.0502123
3662 13.9002
3667.2 6.1549e-05
3673.95 1.74993
3688.1 9.10021
3694.8 5.1557e-05
3701.4 5.5406e-05
3707.85 6.2078e-05
3714.15 0.000109148
3720.35 5.6728e-05
3726.45 2.936e-05
3732.45 0.0499677
3738.15 3.4873e-05
3745.35 1.60005
3751 6.0948e-05
3757.15 0.650166
3762.8 6.1568e-05
